1. 10
2. 15
3. 11
4. 11
5. 7
6. 7
7. 14
8. 9
9. 8
10. 7
11. 8
12. 8
13. 7
14. 11
15. 7
16. 8
17. 7
18. 8
19. 7
20. 9
21. 12
22. 9
23. 7
24. 10
25. 9
26. 7
27. 10
28. 10
29. 6
30. 8
31. 9
32. 5
33. 7
34. 8
35. 8
36. 11
37. 6
38. 10
39. 10
40. 6
41. 7
42. 11
43. 11
44. 11
45. 8
46. 6
47. 10
48. 9
49. 9
50. 11
51. 10
52. 6
53. 10
54. 9
55. 5
56. 8
57. 12
58. 15
59. 9
60. 6
61. 11
62. 7
63. 5
64. 7
65. 11
66. 8
67. 12
68. 8
69. 10
70. 7
71. 11
72. 9
73. 11
74. 7
75. 10
76. 7
77. 15
78. 9
79. 9
80. 12
81. 7
82. 9
83. 9
84. 14
85. 9
86. 11
87. 8
88. 10
89. 9
90. 15
91. 8
92. 11
93. 7
94. 7
95. 9
96. 7
97. 10
98. 6
99. 10
100. 7
