1. 7
2. 9
3. 8
4. 8
5. 5
6. 4
7. 9
8. 6
9. 7
10. 7
11. 6
12. 6
13. 5
14. 9
15. 6
16. 6
17. 6
18. 8
19. 7
20. 7
21. 9
22. 9
23. 6
24. 8
25. 8
26. 6
27. 9
28. 8
29. 5
30. 8
31. 9
32. 4
33. 7
34. 7
35. 6
36. 9
37. 4
38. 9
39. 7
40. 6
41. 6
42. 8
43. 9
44. 9
45. 6
46. 5
47. 9
48. 7
49. 9
50. 9
51. 7
52. 6
53. 7
54. 8
55. 5
56. 8
57. 8
58. 11
59. 7
60. 5
61. 8
62. 7
63. 4
64. 5
65. 7
66. 6
67. 10
68. 7
69. 10
70. 7
71. 9
72. 8
73. 9
74. 6
75. 7
76. 7
77. 10
78. 7
79. 8
80. 9
81. 7
82. 7
83. 8
84. 10
85. 9
86. 8
87. 8
88. 9
89. 7
90. 9
91. 7
92. 9
93. 6
94. 6
95. 8
96. 7
97. 7
98. 5
99. 8
100. 7
